"Serres": 41.092083,23.541016; "Provatas": 41.068238,23.390686; "Distance": 15.1
"Adelfiko": 41.014645,23.457354; "Koumaria": 41.016434,23.434656; "Distance": 2.5